
                            < M A T L A B (R) >
                  Copyright 1984-2018 The MathWorks, Inc.
                   R2018a (9.4.0.813654) 64-bit (glnxa64)
                             February 23, 2018

 
To get started, type one of these: helpwin, helpdesk, or demo.
For product information, visit www.mathworks.com.
 
>> >> >> >> >> >> >> >> >> GPU is used 
>> >> >> >> >> >> >> >> >> >> >> >> >> >> 
acc_all =

    0.8374


acc_all =

    0.8374    0.9024


acc_all =

    0.8374    0.9024    0.9192


acc_all =

    0.8374    0.9024    0.9192    0.9170


acc_all =

    0.8374    0.9024    0.9192    0.9170    0.9146


acc_all =

    0.8374    0.9024    0.9192    0.9170    0.9146    0.9028


acc_all =

    0.8374    0.9024    0.9192    0.9170    0.9146    0.9028    0.8890


acc_all =

  Columns 1 through 7

    0.8374    0.9024    0.9192    0.9170    0.9146    0.9028    0.8890

  Column 8

    0.8760


acc_all =

  Columns 1 through 7

    0.8374    0.9024    0.9192    0.9170    0.9146    0.9028    0.8890

  Columns 8 through 9

    0.8760    0.8604


acc_all =

  Columns 1 through 7

    0.8374    0.9024    0.9192    0.9170    0.9146    0.9028    0.8890

  Columns 8 through 10

    0.8760    0.8604    0.8430


acc_all =

  Columns 1 through 7

    0.8374    0.9024    0.9192    0.9170    0.9146    0.9028    0.8890

  Columns 8 through 11

    0.8760    0.8604    0.8430    0.8237


acc_all =

  Columns 1 through 7

    0.8374    0.9024    0.9192    0.9170    0.9146    0.9028    0.8890

  Columns 8 through 12

    0.8760    0.8604    0.8430    0.8237    0.8038


acc_all =

  Columns 1 through 7

    0.8374    0.9024    0.9192    0.9170    0.9146    0.9028    0.8890

  Columns 8 through 13

    0.8760    0.8604    0.8430    0.8237    0.8038    0.7854


acc_all =

  Columns 1 through 7

    0.8374    0.9024    0.9192    0.9170    0.9146    0.9028    0.8890

  Columns 8 through 14

    0.8760    0.8604    0.8430    0.8237    0.8038    0.7854    0.7589


acc_all =

  Columns 1 through 7

    0.8374    0.9024    0.9192    0.9170    0.9146    0.9028    0.8890

  Columns 8 through 14

    0.8760    0.8604    0.8430    0.8237    0.8038    0.7854    0.7589

  Column 15

    0.7320


acc_all =

  Columns 1 through 7

    0.8374    0.9024    0.9192    0.9170    0.9146    0.9028    0.8890

  Columns 8 through 14

    0.8760    0.8604    0.8430    0.8237    0.8038    0.7854    0.7589

  Columns 15 through 16

    0.7320    0.7122


acc_all =

  Columns 1 through 7

    0.8374    0.9024    0.9192    0.9170    0.9146    0.9028    0.8890

  Columns 8 through 14

    0.8760    0.8604    0.8430    0.8237    0.8038    0.7854    0.7589

  Columns 15 through 17

    0.7320    0.7122    0.6925


acc_all =

  Columns 1 through 7

    0.8374    0.9024    0.9192    0.9170    0.9146    0.9028    0.8890

  Columns 8 through 14

    0.8760    0.8604    0.8430    0.8237    0.8038    0.7854    0.7589

  Columns 15 through 18

    0.7320    0.7122    0.6925    0.6755


acc_all =

  Columns 1 through 7

    0.8374    0.9024    0.9192    0.9170    0.9146    0.9028    0.8890

  Columns 8 through 14

    0.8760    0.8604    0.8430    0.8237    0.8038    0.7854    0.7589

  Columns 15 through 19

    0.7320    0.7122    0.6925    0.6755    0.6586


acc_all =

  Columns 1 through 7

    0.8374    0.9024    0.9192    0.9170    0.9146    0.9028    0.8890

  Columns 8 through 14

    0.8760    0.8604    0.8430    0.8237    0.8038    0.7854    0.7589

  Columns 15 through 20

    0.7320    0.7122    0.6925    0.6755    0.6586    0.6391


acc_all =

  Columns 1 through 7

    0.8374    0.9024    0.9192    0.9170    0.9146    0.9028    0.8890
    0.7377         0         0         0         0         0         0

  Columns 8 through 14

    0.8760    0.8604    0.8430    0.8237    0.8038    0.7854    0.7589
         0         0         0         0         0         0         0

  Columns 15 through 20

    0.7320    0.7122    0.6925    0.6755    0.6586    0.6391
         0         0         0         0         0         0


acc_all =

  Columns 1 through 7

    0.8374    0.9024    0.9192    0.9170    0.9146    0.9028    0.8890
    0.7377    0.7436         0         0         0         0         0

  Columns 8 through 14

    0.8760    0.8604    0.8430    0.8237    0.8038    0.7854    0.7589
         0         0         0         0         0         0         0

  Columns 15 through 20

    0.7320    0.7122    0.6925    0.6755    0.6586    0.6391
         0         0         0         0         0         0


acc_all =

  Columns 1 through 7

    0.8374    0.9024    0.9192    0.9170    0.9146    0.9028    0.8890
    0.7377    0.7436    0.7017         0         0         0         0

  Columns 8 through 14

    0.8760    0.8604    0.8430    0.8237    0.8038    0.7854    0.7589
         0         0         0         0         0         0         0

  Columns 15 through 20

    0.7320    0.7122    0.6925    0.6755    0.6586    0.6391
         0         0         0         0         0         0


acc_all =

  Columns 1 through 7

    0.8374    0.9024    0.9192    0.9170    0.9146    0.9028    0.8890
    0.7377    0.7436    0.7017    0.6490         0         0         0

  Columns 8 through 14

    0.8760    0.8604    0.8430    0.8237    0.8038    0.7854    0.7589
         0         0         0         0         0         0         0

  Columns 15 through 20

    0.7320    0.7122    0.6925    0.6755    0.6586    0.6391
         0         0         0         0         0         0


acc_all =

  Columns 1 through 7

    0.8374    0.9024    0.9192    0.9170    0.9146    0.9028    0.8890
    0.7377    0.7436    0.7017    0.6490    0.5992         0         0

  Columns 8 through 14

    0.8760    0.8604    0.8430    0.8237    0.8038    0.7854    0.7589
         0         0         0         0         0         0         0

  Columns 15 through 20

    0.7320    0.7122    0.6925    0.6755    0.6586    0.6391
         0         0         0         0         0         0


acc_all =

  Columns 1 through 7

    0.8374    0.9024    0.9192    0.9170    0.9146    0.9028    0.8890
    0.7377    0.7436    0.7017    0.6490    0.5992    0.5469         0

  Columns 8 through 14

    0.8760    0.8604    0.8430    0.8237    0.8038    0.7854    0.7589
         0         0         0         0         0         0         0

  Columns 15 through 20

    0.7320    0.7122    0.6925    0.6755    0.6586    0.6391
         0         0         0         0         0         0


acc_all =

  Columns 1 through 7

    0.8374    0.9024    0.9192    0.9170    0.9146    0.9028    0.8890
    0.7377    0.7436    0.7017    0.6490    0.5992    0.5469    0.5030

  Columns 8 through 14

    0.8760    0.8604    0.8430    0.8237    0.8038    0.7854    0.7589
         0         0         0         0         0         0         0

  Columns 15 through 20

    0.7320    0.7122    0.6925    0.6755    0.6586    0.6391
         0         0         0         0         0         0


acc_all =

  Columns 1 through 7

    0.8374    0.9024    0.9192    0.9170    0.9146    0.9028    0.8890
    0.7377    0.7436    0.7017    0.6490    0.5992    0.5469    0.5030

  Columns 8 through 14

    0.8760    0.8604    0.8430    0.8237    0.8038    0.7854    0.7589
    0.4622         0         0         0         0         0         0

  Columns 15 through 20

    0.7320    0.7122    0.6925    0.6755    0.6586    0.6391
         0         0         0         0         0         0


acc_all =

  Columns 1 through 7

    0.8374    0.9024    0.9192    0.9170    0.9146    0.9028    0.8890
    0.7377    0.7436    0.7017    0.6490    0.5992    0.5469    0.5030

  Columns 8 through 14

    0.8760    0.8604    0.8430    0.8237    0.8038    0.7854    0.7589
    0.4622    0.4184         0         0         0         0         0

  Columns 15 through 20

    0.7320    0.7122    0.6925    0.6755    0.6586    0.6391
         0         0         0         0         0         0


acc_all =

  Columns 1 through 7

    0.8374    0.9024    0.9192    0.9170    0.9146    0.9028    0.8890
    0.7377    0.7436    0.7017    0.6490    0.5992    0.5469    0.5030

  Columns 8 through 14

    0.8760    0.8604    0.8430    0.8237    0.8038    0.7854    0.7589
    0.4622    0.4184    0.3878         0         0         0         0

  Columns 15 through 20

    0.7320    0.7122    0.6925    0.6755    0.6586    0.6391
         0         0         0         0         0         0


acc_all =

  Columns 1 through 7

    0.8374    0.9024    0.9192    0.9170    0.9146    0.9028    0.8890
    0.7377    0.7436    0.7017    0.6490    0.5992    0.5469    0.5030

  Columns 8 through 14

    0.8760    0.8604    0.8430    0.8237    0.8038    0.7854    0.7589
    0.4622    0.4184    0.3878    0.3587         0         0         0

  Columns 15 through 20

    0.7320    0.7122    0.6925    0.6755    0.6586    0.6391
         0         0         0         0         0         0


acc_all =

  Columns 1 through 7

    0.8374    0.9024    0.9192    0.9170    0.9146    0.9028    0.8890
    0.7377    0.7436    0.7017    0.6490    0.5992    0.5469    0.5030

  Columns 8 through 14

    0.8760    0.8604    0.8430    0.8237    0.8038    0.7854    0.7589
    0.4622    0.4184    0.3878    0.3587    0.3347         0         0

  Columns 15 through 20

    0.7320    0.7122    0.6925    0.6755    0.6586    0.6391
         0         0         0         0         0         0


acc_all =

  Columns 1 through 7

    0.8374    0.9024    0.9192    0.9170    0.9146    0.9028    0.8890
    0.7377    0.7436    0.7017    0.6490    0.5992    0.5469    0.5030

  Columns 8 through 14

    0.8760    0.8604    0.8430    0.8237    0.8038    0.7854    0.7589
    0.4622    0.4184    0.3878    0.3587    0.3347    0.3146         0

  Columns 15 through 20

    0.7320    0.7122    0.6925    0.6755    0.6586    0.6391
         0         0         0         0         0         0


acc_all =

  Columns 1 through 7

    0.8374    0.9024    0.9192    0.9170    0.9146    0.9028    0.8890
    0.7377    0.7436    0.7017    0.6490    0.5992    0.5469    0.5030

  Columns 8 through 14

    0.8760    0.8604    0.8430    0.8237    0.8038    0.7854    0.7589
    0.4622    0.4184    0.3878    0.3587    0.3347    0.3146    0.2871

  Columns 15 through 20

    0.7320    0.7122    0.6925    0.6755    0.6586    0.6391
         0         0         0         0         0         0


acc_all =

  Columns 1 through 7

    0.8374    0.9024    0.9192    0.9170    0.9146    0.9028    0.8890
    0.7377    0.7436    0.7017    0.6490    0.5992    0.5469    0.5030

  Columns 8 through 14

    0.8760    0.8604    0.8430    0.8237    0.8038    0.7854    0.7589
    0.4622    0.4184    0.3878    0.3587    0.3347    0.3146    0.2871

  Columns 15 through 20

    0.7320    0.7122    0.6925    0.6755    0.6586    0.6391
    0.2677         0         0         0         0         0


acc_all =

  Columns 1 through 7

    0.8374    0.9024    0.9192    0.9170    0.9146    0.9028    0.8890
    0.7377    0.7436    0.7017    0.6490    0.5992    0.5469    0.5030

  Columns 8 through 14

    0.8760    0.8604    0.8430    0.8237    0.8038    0.7854    0.7589
    0.4622    0.4184    0.3878    0.3587    0.3347    0.3146    0.2871

  Columns 15 through 20

    0.7320    0.7122    0.6925    0.6755    0.6586    0.6391
    0.2677    0.2485         0         0         0         0


acc_all =

  Columns 1 through 7

    0.8374    0.9024    0.9192    0.9170    0.9146    0.9028    0.8890
    0.7377    0.7436    0.7017    0.6490    0.5992    0.5469    0.5030

  Columns 8 through 14

    0.8760    0.8604    0.8430    0.8237    0.8038    0.7854    0.7589
    0.4622    0.4184    0.3878    0.3587    0.3347    0.3146    0.2871

  Columns 15 through 20

    0.7320    0.7122    0.6925    0.6755    0.6586    0.6391
    0.2677    0.2485    0.2254         0         0         0

